4 0.179606 0.826531 0.063098 0.061828
0 0.137846 0.392313 0.233274 0.196256
0 0.077785 0.673227 0.099837 0.088568
0 0.197880 0.673987 0.101739 0.090088
0 0.079620 0.902852 0.097690 0.084471
0 0.197459 0.903833 0.095652 0.085110
1 0.381162 0.328811 0.208872 0.147357
1 0.627466 0.328877 0.211427 0.145771
1 0.873899 0.329339 0.209103 0.145815
11 0.800774 0.716256 0.353804 0.563965
4 0.139164 0.242786 0.161399 0.086894
4 0.062602 0.591123 0.064307 0.064670
4 0.179830 0.591123 0.063492 0.064670
4 0.062575 0.826531 0.064524 0.061828
4 0.323947 0.218282 0.077378 0.067137
4 0.569158 0.218282 0.081739 0.067137
4 0.810312 0.217841 0.070353 0.068018
1 0.439144 0.579945 0.324783 0.290639
1 0.439219 0.876696 0.325340 0.244273
