10 0.482466 0.335936 0.064986 0.119053
4 0.100747 0.654053 0.079565 0.121894
4 0.403533 0.334670 0.072500 0.120617
4 0.250319 0.334670 0.067459 0.118546
10 0.325897 0.334570 0.067527 0.119053
10 0.326148 0.653800 0.067514 0.123150
4 0.100584 0.334670 0.071875 0.118546
10 0.482296 0.653117 0.065842 0.124515
10 0.172534 0.654482 0.060774 0.121784
10 0.172697 0.334570 0.061617 0.119053
2 0.755054 0.452346 0.397446 0.614648
4 0.406990 0.653612 0.069742 0.122775
4 0.251692 0.654493 0.074117 0.122775
