15 0.639810 0.442707 0.187273 0.187985
15 0.846983 0.443273 0.187820 0.188095
1 0.222953 0.722815 0.187273 0.325970
10 0.492422 0.723100 0.308070 0.325010
1 0.873073 0.787650 0.135113 0.193100
7 0.803033 0.622675 0.275480 0.122460
1 0.732707 0.787300 0.134160 0.192400
13 0.222817 0.266942 0.184507 0.124295
13 0.430665 0.266607 0.185450 0.122505
13 0.638940 0.266877 0.186880 0.121955
13 0.847480 0.267020 0.186513 0.123170
15 0.222948 0.442348 0.187630 0.186205
15 0.431240 0.442775 0.184507 0.190580
