4 0.936947 0.302838 0.113049 0.088673
4 0.935537 0.205714 0.115870 0.088681
4 0.937657 0.105777 0.108809 0.097127
4 0.814009 0.403482 0.104569 0.081639
4 0.811893 0.302135 0.114459 0.092904
1 0.296818 0.860796 0.579373 0.278407
4 0.814718 0.105773 0.120110 0.094309
4 0.665635 0.347178 0.161097 0.194247
4 0.665635 0.152225 0.163918 0.192834
11 0.293989 0.252869 0.582194 0.385675
4 0.815427 0.202900 0.104569 0.094309
14 0.789988 0.584352 0.409804 0.274481
10 0.292578 0.584352 0.582194 0.266034
4 0.932002 0.404184 0.120118 0.088681
1 0.790694 0.860796 0.411215 0.278407
