4 0.368329 0.710066 0.122554 0.091057
1 0.174164 0.886311 0.204905 0.199317
1 0.240224 0.345518 0.079334 0.084824
1 0.238539 0.714284 0.075965 0.080727
1 0.472765 0.345518 0.075122 0.084824
1 0.701495 0.345518 0.070054 0.084824
1 0.475713 0.714967 0.074280 0.082093
1 0.700652 0.721123 0.078505 0.094405
1 0.633132 0.518601 0.200041 0.190198
1 0.638614 0.888744 0.202582 0.197048
1 0.408614 0.514504 0.203424 0.198392
4 0.132344 0.339317 0.124742 0.099339
4 0.369063 0.338722 0.124022 0.098150
4 0.594844 0.338722 0.124742 0.100529
4 0.593383 0.721883 0.121821 0.112357
17 0.405489 0.886553 0.216929 0.199758
13 0.131393 0.713844 0.118899 0.111167
1 0.872181 0.474097 0.209307 0.170661
1 0.873437 0.620297 0.206793 0.078789
1 0.873437 0.729615 0.206793 0.068480
1 0.873499 0.827368 0.207079 0.073326
1 0.873499 0.938678 0.207079 0.080396
1 0.873811 0.208645 0.218139 0.328084
