4 0.467407 0.553130 0.081670 0.114346
18 0.329470 0.406118 0.361177 0.114346
1 0.074470 0.603950 0.116157 0.215986
1 0.068118 0.833540 0.116157 0.210537
1 0.645728 0.410654 0.169697 0.341211
1 0.640281 0.780908 0.175142 0.348477
1 0.767327 0.129336 0.129771 0.170605
13 0.620771 0.122988 0.132490 0.168789
13 0.911162 0.118452 0.132490 0.177861
1 0.863066 0.705586 0.235947 0.506367
0 0.235547 0.786348 0.169697 0.315801
0 0.422488 0.786348 0.178774 0.315801
4 0.190627 0.547686 0.078042 0.114336
4 0.283643 0.546777 0.082578 0.116152
4 0.377114 0.548594 0.084395 0.127051
7 0.864880 0.340781 0.226870 0.205098
