4 0.921984 0.379438 0.143125 0.035793
4 0.738505 0.379438 0.143125 0.035793
1 0.306216 0.112313 0.045177 0.062026
4 0.139932 0.210176 0.234891 0.120617
4 0.139932 0.357401 0.234891 0.121806
17 0.139708 0.622192 0.234905 0.368965
1 0.188594 0.886817 0.136182 0.104251
17 0.372154 0.754372 0.143492 0.350286
17 0.554463 0.753007 0.148546 0.350286
17 0.738043 0.750264 0.147717 0.350308
17 0.922894 0.748899 0.152772 0.350308
4 0.369796 0.266575 0.142255 0.065044
4 0.553628 0.265407 0.146630 0.065044
4 0.736732 0.264802 0.149552 0.068590
4 0.923465 0.266586 0.146658 0.067401
1 0.371692 0.485540 0.143764 0.150242
1 0.554341 0.485154 0.149307 0.151938
1 0.737704 0.485154 0.147663 0.151938
1 0.922704 0.486035 0.152582 0.151938
4 0.370435 0.379328 0.143750 0.036630
13 0.923302 0.328260 0.143315 0.034449
13 0.739939 0.328700 0.144959 0.033568
13 0.554389 0.328700 0.143315 0.033568
13 0.369660 0.328700 0.143315 0.033568
4 0.553777 0.379956 0.143125 0.034758
