4 0.616889 0.378623 0.196087 0.098128
4 0.851807 0.382104 0.191033 0.104251
4 0.617283 0.620749 0.195625 0.086564
4 0.851135 0.621377 0.189823 0.092930
3 0.825272 0.208733 0.275734 0.101608
1 0.851345 0.732104 0.190272 0.120595
1 0.617283 0.905727 0.195082 0.184626
13 0.335781 0.890705 0.059443 0.093524
13 0.436393 0.890419 0.075639 0.094097
1 0.145985 0.787863 0.186019 0.424273
1 0.381610 0.689251 0.194769 0.229427
1 0.381766 0.496806 0.194538 0.129868
1 0.616895 0.496630 0.195068 0.130749
1 0.616957 0.723579 0.195082 0.111300
1 0.851529 0.496883 0.190747 0.114471
13 0.385557 0.970837 0.065435 0.057621
4 0.146413 0.437885 0.186359 0.219956
7 0.851175 0.906035 0.189144 0.182952
4 0.382038 0.377026 0.194538 0.102467
