1 0.332048 0.433802 0.282632 0.155718
1 0.876665 0.848648 0.169365 0.160584
1 0.485007 0.847430 0.586431 0.158148
1 0.877725 0.329790 0.190537 0.390511
1 0.632673 0.430763 0.274165 0.156936
4 0.254246 0.216044 0.124907 0.102189
4 0.393975 0.212999 0.139727 0.113137
4 0.883547 0.637576 0.157720 0.098541
4 0.698833 0.632102 0.139727 0.097323
4 0.549050 0.635140 0.132319 0.096105
4 0.406147 0.633925 0.132314 0.098535
4 0.261128 0.632099 0.128086 0.102189
4 0.694067 0.219691 0.123848 0.102189
4 0.562810 0.220909 0.123853 0.092458
