4 0.623505 0.295165 0.239701 0.165573
4 0.129857 0.294449 0.237948 0.167445
10 0.870686 0.948425 0.239552 0.098921
10 0.624355 0.950253 0.239552 0.098921
10 0.378030 0.952093 0.232772 0.095242
4 0.870734 0.786333 0.239266 0.164383
4 0.129572 0.785154 0.239280 0.162026
4 0.870414 0.293800 0.242188 0.168304
4 0.376624 0.295782 0.237188 0.169537
4 0.375408 0.785749 0.239266 0.163216
4 0.623437 0.786333 0.240734 0.164383
10 0.130007 0.952236 0.240666 0.095529
10 0.871026 0.537368 0.239552 0.250947
10 0.623567 0.537368 0.239552 0.250947
10 0.377609 0.537974 0.235326 0.250088
10 0.129857 0.537974 0.239253 0.250088
