1 0.670862 0.430104 0.321245 0.207747
0 0.625945 0.214298 0.224146 0.188423
0 0.129102 0.866547 0.228682 0.198085
0 0.126379 0.648328 0.215981 0.199705
0 0.122749 0.430104 0.223242 0.191646
0 0.127285 0.216716 0.215977 0.193258
1 0.864155 0.755420 0.246836 0.420338
1 0.629573 0.764285 0.215073 0.399402
1 0.910437 0.431716 0.143384 0.198094
1 0.369580 0.859302 0.245020 0.209367
1 0.369128 0.215910 0.253188 0.194870
1 0.364590 0.438964 0.255000 0.202920
1 0.363230 0.643497 0.250464 0.186820
1 0.856440 0.215104 0.229590 0.177158
