1 0.515686 0.490441 0.187921 0.106123
11 0.212493 0.790936 0.365041 0.411916
10 0.113152 0.507236 0.163886 0.064119
4 0.307928 0.369328 0.173818 0.374559
4 0.573247 0.400606 0.065924 0.054780
4 0.576162 0.628172 0.057459 0.058018
4 0.578492 0.849659 0.050462 0.059405
4 0.527323 0.241013 0.231712 0.193172
4 0.809124 0.240738 0.300747 0.193194
10 0.112826 0.260859 0.163424 0.053436
10 0.112826 0.320033 0.163424 0.058789
10 0.112826 0.383018 0.163424 0.058018
10 0.112921 0.443480 0.163424 0.052687
1 0.705815 0.456850 0.176141 0.174846
1 0.879830 0.457225 0.158709 0.175595
1 0.515707 0.716465 0.182011 0.095485
1 0.705605 0.677588 0.170557 0.171476
1 0.882976 0.678524 0.153668 0.171366
1 0.515211 0.940220 0.179905 0.103084
1 0.704076 0.905099 0.173315 0.173326
1 0.883037 0.905099 0.153546 0.173326
