13 0.411889 0.638106 0.099728 0.149780
4 0.175836 0.215881 0.263736 0.101586
1 0.520659 0.856795 0.332948 0.208480
5 0.850482 0.756079 0.298845 0.409868
4 0.413723 0.197192 0.094185 0.061079
4 0.413485 0.389207 0.094660 0.052687
13 0.413723 0.272004 0.094185 0.083965
13 0.413247 0.461355 0.095136 0.083987
4 0.122615 0.837676 0.096073 0.155000
4 0.122670 0.617941 0.096073 0.144295
4 0.122588 0.396013 0.096046 0.148855
1 0.523832 0.429207 0.085707 0.096960
1 0.522887 0.234515 0.082894 0.110705
4 0.940618 0.437797 0.118764 0.177577
4 0.940618 0.235033 0.118764 0.181916
17 0.722269 0.337489 0.275571 0.354978
1 0.572813 0.638568 0.213342 0.149648
1 0.236073 0.840881 0.097745 0.154890
1 0.237649 0.615760 0.097092 0.154339
1 0.234178 0.396002 0.101508 0.154339
