10 0.348247 0.282059 0.111168 0.087467
10 0.150496 0.442489 0.108791 0.089339
10 0.348302 0.440969 0.110679 0.089339
4 0.067738 0.287863 0.048546 0.056211
4 0.264117 0.287709 0.050136 0.057401
4 0.067568 0.447610 0.048043 0.058789
4 0.263954 0.446850 0.049918 0.060308
1 0.119620 0.667775 0.184103 0.284141
1 0.319490 0.666751 0.184090 0.286189
1 0.559076 0.667786 0.266060 0.286189
7 0.840476 0.667566 0.267011 0.286233
13 0.778084 0.688337 0.059402 0.041520
5 0.700326 0.920077 0.548587 0.159846
11 0.840340 0.347654 0.266603 0.299229
10 0.150713 0.281178 0.108438 0.089229
10 0.316882 0.921289 0.178492 0.156938
3 0.558601 0.347698 0.268397 0.301035
