4 0.213672 0.114030 0.129581 0.091429
4 0.357456 0.114675 0.137200 0.087561
4 0.502969 0.114030 0.135812 0.083693
4 0.646753 0.112102 0.130969 0.084994
4 0.786378 0.117898 0.134431 0.094007
13 0.929122 0.116609 0.133044 0.091429
1 0.504356 0.309117 0.303500 0.236934
10 0.502622 0.578885 0.309744 0.281998
13 0.742725 0.260830 0.146900 0.122334
13 0.907297 0.263403 0.160069 0.119744
13 0.744456 0.410197 0.142050 0.106876
13 0.913187 0.406980 0.166300 0.118467
5 0.833844 0.603351 0.312512 0.202172
18 0.425016 0.866678 0.541181 0.239512
